,sartist,dartist,distance
0,1617,12810,0.03510630376
1,1617,14434,0.04815909621
2,1617,19194,0.05324621415
3,1617,3495,0.05646903989
4,1617,14193,0.05732949405
5,1617,19722,0.05850011027
6,1617,15211,0.06109918122
7,1617,17158,0.06118200126
8,1617,12633,0.06609630962
9,1617,12564,0.06651699212
10,1617,9087,0.06723450254
11,1617,17110,0.06843626138
12,1617,19362,0.06936839301
13,1617,11545,0.06940928235
14,1617,20665,0.06958335231
15,1617,7895,0.07124570541
16,1617,23097,0.07205827245
17,1617,19967,0.07226373615
18,1617,17099,0.07312394964
19,1617,9393,0.07328391631
20,1617,6411,0.07353272093
21,1617,20674,0.07439238167
22,1617,21459,0.07478844231
23,1617,17839,0.07481241666
24,1617,10611,0.07554817193
25,1617,14272,0.07660828311
26,1617,14131,0.07679609428
27,1617,10586,0.07832292533
28,1617,4258,0.07865857582
29,1617,20457,0.08004676651
30,3101,7476,0.00616248757
31,3101,16968,0.01990213877
32,3101,18324,0.02035326633
33,3101,5084,0.02395441729
34,3101,20836,0.02438468058
35,3101,10694,0.02560707216
36,3101,22836,0.02704972416
37,3101,19572,0.02746496635
38,3101,14319,0.02813329744
39,3101,19153,0.02954190663
40,3101,17533,0.0300037631
41,3101,5855,0.03047533129
42,3101,5155,0.03112601379
43,3101,16203,0.0315889874
44,3101,14298,0.03167916745
45,3101,6938,0.03397432363
46,3101,5028,0.03497435538
47,3101,21203,0.03504173408
48,3101,7416,0.0353281522
49,3101,16904,0.03995913714
50,3101,12419,0.03996539908
51,3101,13149,0.04056870477
52,3101,19819,0.04175830044
53,3101,13479,0.04275382925
54,3101,7489,0.04296257669
55,3101,10587,0.04361706788
56,3101,18788,0.04372781288
57,3101,13527,0.04439438937
58,3101,21398,0.04445611093
59,3101,8927,0.04489453015
60,3278,22134,0.06209259124
61,3278,15502,0.06635706225
62,3278,12584,0.07312974989
63,3278,22036,0.08398013231
64,3278,9217,0.09591509642
65,3278,21013,0.0960862802
66,3278,12654,0.09967413677
67,3278,11530,0.09984258857
68,3278,22357,0.1007931657
69,3278,5555,0.1027027791
70,3278,19422,0.1027557591
71,3278,12671,0.1071743099
72,3278,6062,0.1103464399
73,3278,14758,0.1113602993
74,3278,23345,0.1121751183
75,3278,17055,0.1136387051
76,3278,21981,0.1144255749
77,3278,14284,0.1160266407
78,3278,15589,0.1160388891
79,3278,15100,0.1163261227
80,3278,20800,0.1171612534
81,3278,7894,0.1172350497
82,3278,10807,0.1187045251
83,3278,22652,0.1198167462
84,3278,13873,0.1232208839
85,3278,11105,0.1248178287
86,3278,24225,0.1252142766
87,3278,8024,0.126549443
88,3278,9773,0.1279936608
89,3278,3442,0.1282426937
90,3442,11849,0.02338677509
91,3442,19208,0.02345955701
92,3442,23345,0.02352127071
93,3442,4892,0.025062081
94,3442,9215,0.02564846737
95,3442,21196,0.02591929423
96,3442,20457,0.0264722969
97,3442,11105,0.02652355873
98,3442,11436,0.02834653456
99,3442,19397,0.02853823959
100,3442,8927,0.02889011806
101,3442,6062,0.02899177499
102,3442,8993,0.02936184191
103,3442,5014,0.02988502541
104,3442,7442,0.03485791201
105,3442,10586,0.03506182344
106,3442,19911,0.03550076523
107,3442,23638,0.0359598308
108,3442,9217,0.03608954737
109,3442,22357,0.03636309467
110,3442,8425,0.03738670028
111,3442,20689,0.03750820899
112,3442,22968,0.03763076089
113,3442,16555,0.03765622404
114,3442,12633,0.03802447723
115,3442,19819,0.03898849535
116,3442,8024,0.04032553131
117,3442,6242,0.04057638714
118,3442,13348,0.04057973645
119,3442,17322,0.0411322394
120,3495,14193,0.007228316139
121,3495,23097,0.01762091817
122,3495,19194,0.0276019407
123,3495,12564,0.02804628742
124,3495,19362,0.0285158748
125,3495,14131,0.02859644894
126,3495,20665,0.02955551767
127,3495,21737,0.03212756427
128,3495,11086,0.03265055611
129,3495,15211,0.03266901252
130,3495,17110,0.03349788834
131,3495,17158,0.03443378226
132,3495,9087,0.03524195972
133,3495,17839,0.03648130814
134,3495,14272,0.03668309024
135,3495,21459,0.03709443379
136,3495,10611,0.03730132003
137,3495,17099,0.03933067873
138,3495,10586,0.03941737016
139,3495,14163,0.04006093097
140,3495,19722,0.04122464555
141,3495,15363,0.04134733423
142,3495,7781,0.04163644923
143,3495,10218,0.04268233544
144,3495,14434,0.04332539608
145,3495,15046,0.04437698826
146,3495,12810,0.04531162068
147,3495,12633,0.04559410397
148,3495,13348,0.04579310963
149,3495,12881,0.04676003311
150,4232,5155,0.01880690167
151,4232,14319,0.02024168117
152,4232,13576,0.02028703042
153,4232,17043,0.02157776004
154,4232,22877,0.02271942074
155,4232,17533,0.02351737963
156,4232,7489,0.02431669552
157,4232,14924,0.02442999377
158,4232,11899,0.02581817009
159,4232,6938,0.02690868896
160,4232,4447,0.02855870647
161,4232,5557,0.02921987564
162,4232,16904,0.02922640687
163,4232,13527,0.03050176747
164,4232,10081,0.03057755179
165,4232,20450,0.03117793422
166,4232,22836,0.03213291233
167,4232,13149,0.03352857053
168,4232,5084,0.03387578671
169,4232,19577,0.03422561384
170,4232,14298,0.03475923559
171,4232,10694,0.03577132177
172,4232,6809,0.03605687126
173,4232,13479,0.03779951045
174,4232,21203,0.03920538451
175,4232,19011,0.03938660746
176,4232,18788,0.04015360622
177,4232,20380,0.04139223094
178,4232,13078,0.04193218494
179,4232,23638,0.04285972967
180,4258,20674,0.01166438863
181,4258,7433,0.02536020222
182,4258,13078,0.03018465057
183,4258,9393,0.03291431604
184,4258,10501,0.03320604268
185,4258,13479,0.03420239218
186,4258,12419,0.0350949894
187,4258,12272,0.03531461791
188,4258,6411,0.03823390079
189,4258,13149,0.03831531184
190,4258,17110,0.04282949187
191,4258,19362,0.0436186115
192,4258,19572,0.04383463168
193,4258,15211,0.04465626095
194,4258,12810,0.04489088471
195,4258,12564,0.0470463748
196,4258,20380,0.04723856381
197,4258,17749,0.04763182967
198,4258,10586,0.04920107911
199,4258,19194,0.05013956217
200,4258,20659,0.05091506932
201,4258,12633,0.05153848669
202,4258,10611,0.0517521614
203,4258,4447,0.05210668645
204,4258,5855,0.05222586204
205,4258,19967,0.05293726695
206,4258,8425,0.05332500544
207,4258,20665,0.05389967165
208,4258,17839,0.05449370577
209,4258,10587,0.05479799717
210,4447,11899,0.01933829918
211,4447,13149,0.02325520093
212,4447,22877,0.02399174731
213,4447,13479,0.02510551104
214,4447,13078,0.02667648936
215,4447,5155,0.02672719648
216,4447,16904,0.02853850046
217,4447,4232,0.02855870647
218,4447,7433,0.03050696268
219,4447,7489,0.03078183592
220,4447,12419,0.03084555927
221,4447,19011,0.03089316209
222,4447,14319,0.03104260209
223,4447,17043,0.0330178319
224,4447,19153,0.03355291209
225,4447,16968,0.03414865822
226,4447,13576,0.03681935231
227,4447,17533,0.03705802183
228,4447,14298,0.03707636346
229,4447,10501,0.03726690454
230,4447,5557,0.03817525056
231,4447,22836,0.03886032607
232,4447,5084,0.03955327748
233,4447,21203,0.04153131187
234,4447,19577,0.04184829955
235,4447,10694,0.04201508427
236,4447,5028,0.04231916454
237,4447,20380,0.04232893392
238,4447,14924,0.04237978798
239,4447,16614,0.04282362013
240,4449,10020,0.02447583595
241,4449,14998,0.02666711127
242,4449,15363,0.0359906874
243,4449,8024,0.03813509498
244,4449,9215,0.04092264339
245,4449,17158,0.04224510513
246,4449,11849,0.0507821545
247,4449,13348,0.05078606276
248,4449,6475,0.05087275419
249,4449,7781,0.0526384475
250,4449,12654,0.05653941988
251,4449,23097,0.05670767184
252,4449,19208,0.0593367482
253,4449,8034,0.06017183389
254,4449,3442,0.06255352721
255,4449,19722,0.06277352702
256,4449,16759,0.06505522921
257,4449,5014,0.06536312873
258,4449,11305,0.06573932268
259,4449,12671,0.06577566089
260,4449,21196,0.06604743947
261,4449,3495,0.06665495116
262,4449,4892,0.06716841542
263,4449,20457,0.06864969833
264,4449,15100,0.0688331767
265,4449,14193,0.06900508765
266,4449,12633,0.06900638129
267,4449,14941,0.07049715984
268,4449,10218,0.07056492715
269,4449,10586,0.07241571932
270,4892,19208,0.0116141617
271,4892,21196,0.01889488347
272,4892,11105,0.01956551808
273,4892,8927,0.02234133733
274,4892,23638,0.02474660895
275,4892,14941,0.02499573167
276,4892,3442,0.025062081
277,4892,13348,0.02707887551
278,4892,23345,0.02771568258
279,4892,11436,0.02841867216
280,4892,22252,0.0290443702
281,4892,20457,0.03002304219
282,4892,6062,0.03098854445
283,4892,21378,0.03180571987
284,4892,11849,0.03209487968
285,4892,11280,0.03258766197
286,4892,23164,0.03334877234
287,4892,10586,0.03348567062
288,4892,20659,0.0334939493
289,4892,7442,0.03502283741
290,4892,8024,0.03548597379
291,4892,21398,0.03601440186
292,4892,8034,0.03727339308
293,4892,15100,0.03809352851
294,4892,14131,0.03833180557
295,4892,9215,0.03840240607
296,4892,8993,0.03859248917
297,4892,19397,0.03877230344
298,4892,7781,0.03934988903
299,4892,16555,0.03984806156
300,5014,20689,0.01352815093
301,5014,3442,0.02988502541
302,5014,9215,0.03423472322
303,5014,11849,0.03523220698
304,5014,19397,0.037338249
305,5014,8993,0.03880582032
306,5014,21717,0.03932357061
307,5014,16759,0.04198701255
308,5014,15862,0.04285064289
309,5014,19911,0.04474469199
310,5014,6242,0.04508275824
311,5014,22968,0.04634887515
312,5014,23345,0.04660559977
313,5014,10020,0.04753814807
314,5014,7416,0.04799542406
315,5014,22357,0.04801266239
316,5014,6062,0.04825530172
317,5014,20457,0.04930480975
318,5014,22605,0.04966985493
319,5014,19208,0.0499210631
320,5014,11436,0.0501403266
321,5014,16555,0.05037706548
322,5014,7442,0.05105636387
323,5014,8425,0.05155539235
324,5014,17322,0.05183632173
325,5014,11709,0.05200588387
326,5014,9217,0.05272302157
327,5014,11530,0.05275198857
328,5014,14998,0.05308177973
329,5014,12633,0.05341927223
330,5028,19153,0.01455462478
331,5028,16968,0.01892037696
332,5028,19635,0.02443963487
333,5028,6740,0.02786249055
334,5028,13618,0.02843764813
335,5028,15808,0.02999436328
336,5028,21203,0.03050600979
337,5028,19011,0.03257268235
338,5028,5855,0.03261609856
339,5028,10694,0.03375442747
340,5028,3101,0.03497435538
341,5028,22836,0.03572306542
342,5028,16904,0.03786083061
343,5028,5084,0.03815040775
344,5028,7476,0.04079698971
345,5028,4447,0.04231916454
346,5028,19577,0.04266196126
347,5028,11363,0.04275190511
348,5028,15118,0.04412271557
349,5028,14319,0.04440032591
350,5028,5155,0.04443463736
351,5028,18324,0.04450337682
352,5028,5557,0.04465022955
353,5028,19572,0.04586056373
354,5028,20437,0.0467108866
355,5028,13149,0.04818215311
356,5028,20836,0.04833595806
357,5028,7489,0.04932277418
358,5028,7416,0.04935778624
359,5028,13479,0.04941555099
360,5084,10694,0.01276163352
361,5084,17533,0.01615198207
362,5084,14319,0.01708778669
363,5084,6938,0.01869017794
364,5084,5155,0.01875525522
365,5084,20836,0.01960580338
366,5084,7489,0.02221648539
367,5084,3101,0.02395441729
368,5084,7416,0.02435387493
369,5084,22836,0.02522220676
370,5084,7476,0.02654169327
371,5084,16968,0.027610543
372,5084,19572,0.02784276945
373,5084,11436,0.02965756039
374,5084,19911,0.02979464615
375,5084,8425,0.02984529654
376,5084,21203,0.03159342666
377,5084,8927,0.03177983664
378,5084,6740,0.03218329246
379,5084,13149,0.03307436544
380,5084,16766,0.03323818277
381,5084,16555,0.03360713067
382,5084,4232,0.03387578671
383,5084,18324,0.03398180245
384,5084,22968,0.03415593197
385,5084,6242,0.03420017766
386,5084,23638,0.03428599869
387,5084,19011,0.03434480602
388,5084,19153,0.03617621799
389,5084,13618,0.03650305493
390,5155,14319,0.005782780399
391,5155,17533,0.01037298153
392,5155,7489,0.01761045689
393,5155,5084,0.01875525522
394,5155,4232,0.01880690167
395,5155,6938,0.02194000123
396,5155,13149,0.02198505331
397,5155,13576,0.02339551028
398,5155,10694,0.02499099877
399,5155,22836,0.02579896016
400,5155,13479,0.02641505164
401,5155,4447,0.02672719648
402,5155,22877,0.02745122343
403,5155,14298,0.02750047451
404,5155,13527,0.02962320047
405,5155,16904,0.02971435363
406,5155,16968,0.03015018027
407,5155,12419,0.03032726802
408,5155,17043,0.0304648136
409,5155,19572,0.03062727762
410,5155,3101,0.03112601379
411,5155,7476,0.03195725307
412,5155,23638,0.0322966983
413,5155,11899,0.03278066112
414,5155,20836,0.03340135543
415,5155,5557,0.03447169157
416,5155,21203,0.03487085843
417,5155,11436,0.03496655572
418,5155,13078,0.03510219312
419,5155,8927,0.03578697673
420,5555,23345,0.03579781845
421,5555,9217,0.03610084901
422,5555,11530,0.03924397115
423,5555,10807,0.03972270998
424,5555,17055,0.0411094662
425,5555,10587,0.04155888293
426,5555,19819,0.04286149169
427,5555,11105,0.04364099295
428,5555,20800,0.0448954698
429,5555,20659,0.04491990732
430,5555,20457,0.04637181145
431,5555,22357,0.04822785522
432,5555,6062,0.04911822232
433,5555,12633,0.05192214919
434,5555,3442,0.05211487968
435,5555,21196,0.05529718176
436,5555,9773,0.05560133502
437,5555,14758,0.05812056651
438,5555,19572,0.05872685453
439,5555,18324,0.05916638029
440,5555,12272,0.06142456465
441,5555,4892,0.06150298522
442,5555,17749,0.06167768215
443,5555,20689,0.06175163839
444,5555,5014,0.06225653089
445,5555,10586,0.06328838779
446,5555,23638,0.06359459756
447,5555,16203,0.0645136817
448,5555,11436,0.06453121582
449,5555,14941,0.06473224234
450,5557,19577,0.005717694601
451,5557,14924,0.0183896682
452,5557,17043,0.01916748757
453,5557,21203,0.02013724741
454,5557,15118,0.02043774475
455,5557,16904,0.02195545692
456,5557,22836,0.02430350128
457,5557,13618,0.02853422706
458,5557,19011,0.02866654107
459,5557,10694,0.02891994199
460,5557,4232,0.02921987564
461,5557,6938,0.02947894683
462,5557,6740,0.03188291785
463,5557,11371,0.0321209226
464,5557,15808,0.03271381195
465,5557,14319,0.0332999871
466,5557,5155,0.03447169157
467,5557,20437,0.03511785374
468,5557,8095,0.03692173043
469,5557,5084,0.03695964281
470,5557,7489,0.03771880793
471,5557,4447,0.03817525056
472,5557,23709,0.03818355086
473,5557,17533,0.03840187706
474,5557,16766,0.03888393215
475,5557,7496,0.03960172232
476,5557,13650,0.0396319612
477,5557,11899,0.03993556746
478,5557,16968,0.04151019925
479,5557,17370,0.04179566828
480,5855,18324,0.02321715308
481,5855,19572,0.02859348157
482,5855,16968,0.02907537183
483,5855,3101,0.03047533129
484,5855,19153,0.03097191021
485,5855,5028,0.03261609856
486,5855,7476,0.03492278782
487,5855,5084,0.04087106446
488,5855,12419,0.0414207558
489,5855,10587,0.04406274688
490,5855,13479,0.044774675
491,5855,10694,0.04503429523
492,5855,13149,0.04527537775
493,5855,7416,0.04619252864
494,5855,16203,0.04637644451
495,5855,20836,0.04786047982
496,5855,19635,0.0486499565
497,5855,5155,0.04908425165
498,5855,14319,0.04941089886
499,5855,6740,0.04985728982
500,5855,19819,0.04986346066
501,5855,7433,0.05042347079
502,5855,17533,0.05098666822
503,5855,22605,0.05103003714
504,5855,8425,0.05123746671
505,5855,22836,0.05124728539
506,5855,20674,0.05191852122
507,5855,10501,0.0520732862
508,5855,4258,0.05222586204
509,5855,6411,0.05346066171
510,6062,22357,0.01294583423
511,6062,23345,0.01890060554
512,6062,9217,0.019191994
513,6062,20800,0.02372257457
514,6062,3442,0.02899177499
515,6062,22652,0.03007112243
516,6062,11105,0.03035029992
517,6062,4892,0.03098854445
518,6062,11530,0.03181523326
519,6062,9773,0.03335082315
520,6062,19819,0.03357368928
521,6062,12195,0.03421276454
522,6062,10807,0.03426204419
523,6062,19397,0.03582597455
524,6062,19208,0.03655515711
525,6062,7442,0.03887648453
526,6062,8927,0.03998562498
527,6062,8993,0.0402106013
528,6062,21398,0.04054005576
529,6062,21196,0.04174770339
530,6062,11849,0.0426516785
531,6062,15100,0.04333891715
532,6062,7894,0.0436561534
533,6062,20457,0.04457628905
534,6062,20659,0.04462923513
535,6062,8024,0.04573577043
536,6062,23638,0.04710670799
537,6062,16443,0.04768504466
538,6062,14758,0.04798399349
539,6062,11436,0.04808465504
540,6242,15862,0.008966725768
541,6242,19911,0.009030957972
542,6242,6840,0.01391817184
543,6242,22968,0.01656159051
544,6242,16766,0.01948856053
545,6242,17322,0.02490383989
546,6242,16555,0.02539668639
547,6242,8425,0.02544526933
548,6242,7416,0.02588888651
549,6242,22605,0.02677134029
550,6242,17528,0.02685329449
551,6242,10521,0.02878682099
552,6242,11436,0.02893542697
553,6242,8993,0.02960461085
554,6242,21717,0.0305862079
555,6242,11782,0.03066472122
556,6242,16759,0.03066584529
557,6242,16466,0.03226538124
558,6242,17370,0.03299842135
559,6242,12881,0.0330043266
560,6242,20437,0.03319064726
561,6242,5084,0.03420017766
562,6242,19397,0.03518304391
563,6242,11849,0.03542958309
564,6242,10218,0.0354466247
565,6242,11709,0.03562229208
566,6242,11371,0.03570106343
567,6242,8927,0.03596489076
568,6242,7489,0.03603528276
569,6242,6475,0.03651060927
570,6411,22605,0.02872093812
571,6411,17839,0.02975568029
572,6411,20674,0.0298358395
573,6411,12564,0.03153956949
574,6411,8425,0.035000002
575,6411,12881,0.03552176797
576,6411,7433,0.03607180287
577,6411,4258,0.03823390079
578,6411,17099,0.03942038892
579,6411,10521,0.03958729568
580,6411,17110,0.04027381607
581,6411,10586,0.0405051383
582,6411,12633,0.04098880634
583,6411,14272,0.04110883544
584,6411,6770,0.04149567915
585,6411,19362,0.0417407586
586,6411,13078,0.0418793543
587,6411,19194,0.04622569368
588,6411,13479,0.04789045139
589,6411,7489,0.04838215365
590,6411,6840,0.04851186453
591,6411,14163,0.04861875088
592,6411,19572,0.04881227297
593,6411,13149,0.04895522458
594,6411,11436,0.04918384291
595,6411,20457,0.04970540099
596,6411,12810,0.05024286891
597,6411,14193,0.05028704136
598,6411,21717,0.05093868427
599,6411,19011,0.05108989171
600,6475,7781,0.01582819802
601,6475,11849,0.02328559033
602,6475,14998,0.02510134986
603,6475,10218,0.0272677622
604,6475,13348,0.02850848789
605,6475,11305,0.02858576509
606,6475,17886,0.02997153095
607,6475,17322,0.03002330075
608,6475,11782,0.03002869339
609,6475,19208,0.03110035342
610,6475,9215,0.03300097796
611,6475,22968,0.03477971774
612,6475,19911,0.03569113753
613,6475,6242,0.03651060927
614,6475,16555,0.03803083414
615,6475,6809,0.03814399828
616,6475,10020,0.03875732725
617,6475,15363,0.04109449613
618,6475,23097,0.04119192929
619,6475,11436,0.04138398813
620,6475,6840,0.04142945054
621,6475,16759,0.04143169957
622,6475,8024,0.0416399736
623,6475,4892,0.04256297156
624,6475,8993,0.04265604915
625,6475,15862,0.04302598464
626,6475,3442,0.04305935634
627,6475,8927,0.04372886923
628,6475,8425,0.04624461016
629,6475,16766,0.04625503677
630,6740,15808,0.01094746268
631,6740,13618,0.01226414808
632,6740,19011,0.0175037792
633,6740,20437,0.019362812
634,6740,19635,0.02183793492
635,6740,11363,0.02300713771
636,6740,15118,0.02381668522
637,6740,10694,0.02584118867
638,6740,21203,0.02777785431
639,6740,5028,0.02786249055
640,6740,9750,0.02817232633
641,6740,19577,0.02942941507
642,6740,8095,0.02992588873
643,6740,16766,0.02998880832
644,6740,10521,0.03019018265
645,6740,5557,0.03188291785
646,6740,5084,0.03218329246
647,6740,16466,0.03225234117
648,6740,17528,0.03414332439
649,6740,16968,0.03517992079
650,6740,22836,0.03546091224
651,6740,19153,0.03646527736
652,6740,11371,0.03647128576
653,6740,6840,0.03692888644
654,6740,7489,0.03850322566
655,6740,6938,0.03944020582
656,6740,7416,0.03966807257
657,6740,22605,0.04007525581
658,6740,16904,0.04029274486
659,6740,15862,0.04153251316
660,6770,14163,0.01333132595
661,6770,14272,0.01666170754
662,6770,17099,0.01940902018
663,6770,10521,0.01982203373
664,6770,17839,0.02031943486
665,6770,12881,0.02117644451
666,6770,12564,0.02739488379
667,6770,7489,0.02882557048
668,6770,20450,0.02884264311
669,6770,11086,0.02934858118
670,6770,7496,0.02945542428
671,6770,17110,0.02961730117
672,6770,16614,0.02989036557
673,6770,11899,0.03213692699
674,6770,6840,0.0326151738
675,6770,19011,0.03266269992
676,6770,16766,0.03354543507
677,6770,10218,0.03370235146
678,6770,8425,0.03426084637
679,6770,9808,0.03497831509
680,6770,19362,0.03515809447
681,6770,22605,0.03720669028
682,6770,21459,0.03757262271
683,6770,13078,0.03837675426
684,6770,7433,0.03861000959
685,6770,6411,0.04149567915
686,6770,19194,0.04154631231
687,6770,14193,0.04233626089
688,6770,17528,0.04235038286
689,6770,19967,0.04261478286
690,6809,20450,0.01943176345
691,6809,10218,0.02044747287
692,6809,11782,0.02909660506
693,6809,10081,0.03012152217
694,6809,7781,0.0319740237
695,6809,11086,0.03522460453
696,6809,4232,0.03605687126
697,6809,7489,0.03776445433
698,6809,6475,0.03814399828
699,6809,21737,0.0403896249
700,6809,17322,0.04109711097
701,6809,13576,0.04133842142
702,6809,11305,0.04141105959
703,6809,7496,0.04142469196
704,6809,14131,0.04176531357
705,6809,13348,0.04197733029
706,6809,14924,0.04223928314
707,6809,6938,0.04269713927
708,6809,17886,0.04280207415
709,6809,17533,0.04309337331
710,6809,13650,0.04445570936
711,6809,16766,0.04450042879
712,6809,11436,0.04491311429
713,6809,6770,0.04517118017
714,6809,16555,0.04523646761
715,6809,8927,0.04542824011
716,6809,14163,0.04545462944
717,6809,19911,0.04556131668
718,6809,5155,0.04569573628
719,6809,22968,0.04574855543
720,6840,16766,0.01242937091
721,6840,6242,0.01391817184
722,6840,15862,0.01676495376
723,6840,10521,0.01692563535
724,6840,17528,0.0183464221
725,6840,19911,0.02137420019
726,6840,12881,0.02211281809
727,6840,22605,0.02361184362
728,6840,8425,0.02652349337
729,6840,20437,0.02669962617
730,6840,22968,0.02912123514
731,6840,16759,0.03061064121
732,6840,17839,0.03184489523
733,6840,16466,0.03232647396
734,6840,11371,0.03244655947
735,6840,6770,0.0326151738
736,6840,21717,0.03348495036
737,6840,10218,0.03401277936
738,6840,7489,0.03406603028
739,6840,7416,0.03516305196
740,6840,11436,0.03558683268
741,6840,17322,0.03577997598
742,6840,11782,0.03618625046
743,6840,17370,0.03623205496
744,6840,6740,0.03692888644
745,6840,16555,0.03743239889
746,6840,5084,0.03759037413
747,6840,14272,0.03770691555
748,6840,19011,0.03950554518
749,6840,14163,0.0397249007
750,6938,17533,0.01663572521
751,6938,10694,0.01734701403
752,6938,14319,0.01768095745
753,6938,5084,0.01869017794
754,6938,20836,0.02146372424
755,6938,22836,0.02164206385
756,6938,5155,0.02194000123
757,6938,13650,0.02513518647
758,6938,4232,0.02690868896
759,6938,7489,0.02774230395
760,6938,5557,0.02947894683
761,6938,16555,0.02968538252
762,6938,21203,0.0298520218
763,6938,19577,0.03059120556
764,6938,17043,0.03215291479
765,6938,22968,0.03261437064
766,6938,19911,0.03311758217
767,6938,7416,0.03332042272
768,6938,11782,0.03345705652
769,6938,17370,0.03382229614
770,6938,3101,0.03397432363
771,6938,7476,0.03416391973
772,6938,16766,0.03417307451
773,6938,16904,0.03475060161
774,6938,14924,0.0348123714
775,6938,11371,0.03484680173
776,6938,8927,0.03499641991
777,6938,17322,0.03512806619
778,6938,7442,0.03519472334
779,6938,18788,0.0352583997
780,7416,20836,0.01969422946
781,7416,19911,0.02242214932
782,7416,5084,0.02435387493
783,7416,15862,0.02451112856
784,7416,22968,0.02471763894
785,7416,6242,0.02588888651
786,7416,8993,0.02600746314
787,7416,16555,0.02678379075
788,7416,10694,0.02706762546
789,7416,11709,0.02816236994
790,7416,19397,0.02958773737
791,7416,7442,0.03064087006
792,7416,21717,0.03134431045
793,7416,11436,0.03327920761
794,7416,6938,0.03332042272
795,7416,8425,0.03360603539
796,7416,10505,0.03389271436
797,7416,17322,0.03461454269
798,7416,18324,0.0346179457
799,7416,16466,0.03466765817
800,7416,8927,0.03494337927
801,7416,16766,0.03494556479
802,7416,22605,0.0350036995
803,7416,6840,0.03516305196
804,7416,3101,0.0353281522
805,7416,17533,0.03666395966
806,7416,7476,0.0375580085
807,7416,17370,0.03815561484
808,7416,20437,0.03916613378
809,7416,6740,0.03966807257
810,7433,13078,0.006572439214
811,7433,13479,0.01647608943
812,7433,13149,0.01880453796
813,7433,12419,0.02446369301
814,7433,4258,0.02536020222
815,7433,17110,0.02759772676
816,7433,10501,0.02929648062
817,7433,19362,0.02965302244
818,7433,20674,0.02988063675
819,7433,4447,0.03050696268
820,7433,20380,0.03260029857
821,7433,7489,0.03267851618
822,7433,12564,0.03373172244
823,7433,11899,0.03374084936
824,7433,19572,0.03557183687
825,7433,6411,0.03607180287
826,7433,15211,0.03652467443
827,7433,10611,0.03706811117
828,7433,5155,0.03795344648
829,7433,8425,0.03817235039
830,7433,10586,0.03829021628
831,7433,6770,0.03861000959
832,7433,17839,0.03919254333
833,7433,17099,0.04073855825
834,7433,11086,0.04152408679
835,7433,19194,0.04213455087
836,7433,19967,0.04218188669
837,7433,14131,0.04253077998
838,7433,12272,0.04271870966
839,7433,23638,0.04323395286
840,7442,8993,0.01383062324
841,7442,16555,0.01439623153
842,7442,19397,0.01520863623
843,7442,16443,0.01900536077
844,7442,11709,0.01938567733
845,7442,8927,0.02168297935
846,7442,10505,0.02186508993
847,7442,22968,0.02280941495
848,7442,12195,0.02285784459
849,7442,17322,0.02332855326
850,7442,20836,0.02684423673
851,7442,21398,0.02712495695
852,7442,19911,0.02868496632
853,7442,7416,0.03064087006
854,7442,11436,0.03169871832
855,7442,9773,0.03359894997
856,7442,19208,0.03372021133
857,7442,3442,0.03485791201
858,7442,4892,0.03502283741
859,7442,6938,0.03519472334
860,7442,11782,0.03540211284
861,7442,23638,0.03553289183
862,7442,11849,0.03569321633
863,7442,17533,0.03654997171
864,7442,19819,0.03692861031
865,7442,6242,0.03721193416
866,7442,5084,0.03749944135
867,7442,6062,0.03887648453
868,7442,13650,0.039452004
869,7442,22652,0.04007759238
870,7476,3101,0.00616248757
871,7476,18324,0.02166237972
872,7476,20836,0.02424016433
873,7476,16968,0.02487524532
874,7476,5084,0.02654169327
875,7476,16203,0.02731880733
876,7476,14319,0.02846523397
877,7476,22836,0.02862361475
878,7476,10694,0.02876462837
879,7476,19572,0.02887681717
880,7476,14298,0.02952412088
881,7476,17533,0.02968579267
882,7476,5155,0.03195725307
883,7476,6938,0.03416391973
884,7476,19153,0.03445527727
885,7476,5855,0.03492278782
886,7476,7416,0.0375580085
887,7476,21203,0.03817825727
888,7476,19819,0.03918825491
889,7476,21398,0.03986963564
890,7476,5028,0.04079698971
891,7476,13527,0.04086592551
892,7476,12419,0.04094006132
893,7476,18788,0.04096870416
894,7476,16443,0.04134152728
895,7476,10587,0.04175129533
896,7476,16904,0.04183041346
897,7476,13149,0.04212748076
898,7476,8927,0.04363480161
899,7476,13479,0.04439322081
900,7489,5155,0.01761045689
901,7489,17533,0.02023746876
902,7489,14319,0.02138860686
903,7489,5084,0.02221648539
904,7489,4232,0.02431669552
905,7489,8425,0.02442474142
906,7489,13149,0.02495249671
907,7489,11436,0.0271382293
908,7489,6938,0.02774230395
909,7489,10521,0.02862471918
910,7489,11899,0.02867559637
911,7489,6770,0.02882557048
912,7489,13479,0.02886876797
913,7489,20450,0.0291902216
914,7489,10694,0.03000180181
915,7489,23638,0.03032424089
916,7489,4447,0.03078183592
917,7489,19011,0.03078287216
918,7489,13078,0.03084832868
919,7489,16766,0.03116024647
920,7489,10218,0.03222138647
921,7489,13576,0.03232463792
922,7489,7433,0.03267851618
923,7489,19911,0.03340627608
924,7489,8927,0.03392427105
925,7489,6840,0.03406603028
926,7489,10586,0.03484831737
927,7489,19572,0.03503406348
928,7489,17839,0.03516439701
929,7489,11086,0.03593387324
930,7496,6770,0.02945542428
931,7496,20450,0.03056124359
932,7496,14163,0.03071300427
933,7496,16614,0.03215836704
934,7496,11371,0.03317189734
935,7496,16766,0.03349943232
936,7496,10521,0.03377846469
937,7496,9808,0.03554291001
938,7496,14924,0.03648306966
939,7496,19011,0.03784217595
940,7496,15118,0.03800454156
941,7496,20437,0.03845390148
942,7496,14272,0.03882447366
943,7496,5557,0.03960172232
944,7496,6840,0.04001383219
945,7496,10218,0.04040825371
946,7496,11899,0.0404379816
947,7496,12881,0.04094437245
948,7496,6809,0.04142469196
949,7496,7489,0.04213274952
950,7496,19577,0.04216080634
951,7496,9750,0.04382511171
952,7496,17099,0.04384858926
953,7496,11363,0.04386053826
954,7496,15808,0.04388989166
955,7496,11086,0.04464611721
956,7496,4232,0.04485873398
957,7496,8095,0.04569616471
958,7496,6740,0.04648577659
959,7496,17839,0.04685096356
960,7781,6475,0.01582819802
961,7781,10218,0.01921995288
962,7781,13348,0.01960545038
963,7781,23097,0.02696265254
964,7781,14998,0.02936885063
965,7781,19208,0.02954296652
966,7781,6809,0.0319740237
967,7781,11849,0.03210886391
968,7781,15363,0.03312501348
969,7781,14131,0.03369137694
970,7781,9215,0.03495795876
971,7781,11305,0.03607773535
972,7781,11782,0.03655563851
973,7781,8034,0.03769688189
974,7781,11436,0.03884059253
975,7781,10586,0.03887969876
976,7781,20450,0.03888557558
977,7781,17322,0.03922885955
978,7781,10020,0.03924299728
979,7781,4892,0.03934988903
980,7781,21196,0.03998615595
981,7781,17886,0.04067614512
982,7781,19911,0.04093356835
983,7781,14193,0.04106325869
984,7781,11086,0.04158789215
985,7781,3495,0.04163644923
986,7781,8024,0.04200465723
987,7781,6242,0.04237035469
988,7781,21737,0.04245300409
989,7781,8927,0.04270530119
990,7894,23164,0.03876648629
991,7894,14758,0.03900017563
992,7894,15100,0.03979257996
993,7894,18911,0.0398547607
994,7894,20800,0.04216724283
995,7894,20290,0.04345926606
996,7894,6062,0.0436561534
997,7894,21398,0.04545085699
998,7894,11280,0.04659659715
999,7894,12195,0.04735080931
1000,7894,22252,0.04816384953
1001,7894,20948,0.04826017716
1002,7894,22357,0.04970446292
1003,7894,9217,0.0497455347
1004,7894,4892,0.05112449723
1005,7894,23345,0.05241133694
1006,7894,11105,0.05321727421
1007,7894,22652,0.05492300611
1008,7894,19819,0.05592190974
1009,7894,10807,0.05751692302
1010,7894,12994,0.05814990511
1011,7894,20659,0.05913666826
1012,7894,21378,0.05925177021
1013,7894,14941,0.05925449473
1014,7894,9773,0.05991443478
1015,7894,19208,0.06003741133
1016,7894,16443,0.06043368169
1017,7894,8927,0.06190743095
1018,7894,7442,0.06283212136
1019,7894,22673,0.06296925463
1020,7895,22192,0.03481643021
1021,7895,13873,0.03610512648
1022,7895,11198,0.03669267271
1023,7895,14284,0.03685214604
1024,7895,16168,0.03946971492
1025,7895,19722,0.04108081538
1026,7895,20665,0.04112934663
1027,7895,14941,0.04234514502
1028,7895,18937,0.04269685644
1029,7895,9087,0.04427459652
1030,7895,22252,0.04488073405
1031,7895,8034,0.04619707986
1032,7895,14680,0.0504455124
1033,7895,13303,0.05115288404
1034,7895,14131,0.05206390351
1035,7895,11280,0.05257743374
1036,7895,3495,0.05487019934
1037,7895,15211,0.05540587087
1038,7895,14193,0.05561463554
1039,7895,17055,0.05615672494
1040,7895,21378,0.05654625753
1041,7895,12810,0.05710329906
1042,7895,17158,0.05723676664
1043,7895,22701,0.05734670682
1044,7895,21196,0.05804738294
1045,7895,19362,0.05833006853
1046,7895,10611,0.05857564254
1047,7895,23097,0.05982267318
1048,7895,20290,0.05994025374
1049,7895,20380,0.06077863445
1050,8024,14998,0.02633041162
1051,8024,13348,0.02834785552
1052,8024,19208,0.03101507269
1053,8024,15100,0.03301598108
1054,8024,11849,0.03336711115
1055,8024,10020,0.03446314421
1056,8024,9215,0.03468096368
1057,8024,4892,0.03548597379
1058,8024,8034,0.03674755768
1059,8024,4449,0.03813509498
1060,8024,3442,0.04032553131
1061,8024,6475,0.0416399736
1062,8024,7781,0.04200465723
1063,8024,21196,0.0424326797
1064,8024,14941,0.04371054452
1065,8024,15363,0.04412081708
1066,8024,17158,0.04486391071
1067,8024,6062,0.04573577043
1068,8024,23345,0.04756747294
1069,8024,11105,0.04771416237
1070,8024,22252,0.04799042154
1071,8024,20457,0.04957963439
1072,8024,9217,0.05086717893
1073,8024,12654,0.05190064198
1074,8024,22357,0.05219530625
1075,8024,14284,0.05375945292
1076,8024,8927,0.05416727419
1077,8024,23164,0.05441403204
1078,8024,23097,0.05522145652
1079,8024,10586,0.05617041765
1080,8034,13348,0.02138236755
1081,8034,14941,0.02765312037
1082,8034,22252,0.02915655463
1083,8034,19208,0.03662811637
1084,8034,8024,0.03674755768
1085,8034,14131,0.03674845578
1086,8034,4892,0.03727339308
1087,8034,23164,0.03757081245
1088,8034,7781,0.03769688189
1089,8034,15100,0.03814781624
1090,8034,23097,0.03930641253
1091,8034,15363,0.03975502836
1092,8034,21196,0.03984973925
1093,8034,18937,0.04062393083
1094,8034,11280,0.0421024854
1095,8034,21378,0.04212844701
1096,8034,20665,0.04248726031
1097,8034,14284,0.04411063141
1098,8034,7895,0.04619707986
1099,8034,14998,0.04633425223
1100,8034,21737,0.04697130824
1101,8034,17158,0.04723046232
1102,8034,20290,0.04840114027
1103,8034,6475,0.04888409148
1104,8034,10218,0.04892764997
1105,8034,3495,0.04900564603
1106,8034,11105,0.04910203938
1107,8034,10586,0.04916972097
1108,8034,14193,0.04979930396
1109,8034,19722,0.0499146452
1110,8095,9750,0.01503115601
1111,8095,15118,0.01679216532
1112,8095,20437,0.02500694006
1113,8095,13618,0.02511459477
1114,8095,11363,0.02738017371
1115,8095,15808,0.028302401
1116,8095,6740,0.02992588873
1117,8095,19577,0.03288290908
1118,8095,16466,0.0332254647
1119,8095,11371,0.03327958517
1120,8095,5557,0.03692173043
1121,8095,19635,0.0377459195
1122,8095,19011,0.03777980558
1123,8095,23709,0.03902717282
1124,8095,21203,0.04025318033
1125,8095,16766,0.04129611165
1126,8095,17370,0.04299631281
1127,8095,17528,0.04380313967
1128,8095,7496,0.04569616471
1129,8095,10694,0.04696808018
1130,8095,10521,0.04749563971
1131,8095,14924,0.04987240064
1132,8095,6840,0.05083680573
1133,8095,22836,0.05148429693
1134,8095,5028,0.05158389591
1135,8095,16904,0.05358948617
1136,8095,6938,0.05501914421
1137,8095,17043,0.05562732379
1138,8095,15862,0.05594426962
1139,8095,5084,0.0566419945
1140,8425,11436,0.01615245027
1141,8425,22605,0.0187809758
1142,8425,10586,0.02134321664
1143,8425,19911,0.02417803828
1144,8425,7489,0.02442474142
1145,8425,6242,0.02544526933
1146,8425,17839,0.02569583716
1147,8425,6840,0.02652349337
1148,8425,10521,0.02722147818
1149,8425,12881,0.02849321777
1150,8425,23638,0.02912145274
1151,8425,8927,0.02974181164
1152,8425,12564,0.02978956836
1153,8425,5084,0.02984529654
1154,8425,15862,0.03075070016
1155,8425,16766,0.03258092192
1156,8425,7416,0.03360603539
1157,8425,19572,0.03389835268
1158,8425,22968,0.03416915482
1159,8425,6770,0.03426084637
1160,8425,10218,0.03458524174
1161,8425,21196,0.03473764288
1162,8425,20457,0.03474831858
1163,8425,19362,0.0349985658
1164,8425,6411,0.035000002
1165,8425,17533,0.03505033561
1166,8425,14131,0.03695264089
1167,8425,5155,0.03707040501
1168,8425,3442,0.03738670028
1169,8425,13149,0.03753045425
1170,8927,11436,0.01407476111
1171,8927,23638,0.01424994283
1172,8927,7442,0.02168297935
1173,8927,4892,0.02234133733
1174,8927,19208,0.0236247395
1175,8927,16555,0.02456658596
1176,8927,21398,0.02707928375
1177,8927,8993,0.02717189046
1178,8927,17533,0.0272314823
1179,8927,19911,0.02755433531
1180,8927,21196,0.02848120369
1181,8927,3442,0.02889011806
1182,8927,11105,0.02898044329
1183,8927,22968,0.02901476593
1184,8927,19397,0.02970668407
1185,8927,8425,0.02974181164
1186,8927,10586,0.03135056695
1187,8927,17322,0.03145552808
1188,8927,5084,0.03177983664
1189,8927,20659,0.03278353346
1190,8927,19819,0.03281050508
1191,8927,20836,0.03306374366
1192,8927,21378,0.0333536905
1193,8927,7489,0.03392427105
1194,8927,7416,0.03494337927
1195,8927,6938,0.03499641991
1196,8927,16443,0.03499896153
1197,8927,19572,0.03515781827
1198,8927,14319,0.03515972093
1199,8927,11849,0.03569574657
1200,8993,19397,0.00616153446
1201,8993,7442,0.01383062324
1202,8993,16555,0.01446494393
1203,8993,22968,0.01709252403
1204,8993,11709,0.01726244701
1205,8993,17322,0.02089632926
1206,8993,10505,0.02130301208
1207,8993,19911,0.0226915422
1208,8993,7416,0.02600746314
1209,8993,8927,0.02717189046
1210,8993,11849,0.0285398024
1211,8993,3442,0.02936184191
1212,8993,6242,0.02960461085
1213,8993,16443,0.03078979365
1214,8993,20836,0.03137695415
1215,8993,15862,0.03172701269
1216,8993,11436,0.03188995942
1217,8993,12195,0.03244846018
1218,8993,19208,0.03462524377
1219,8993,11782,0.03605412488
1220,8993,9773,0.03605598264
1221,8993,4892,0.03859248917
1222,8993,5014,0.03880582032
1223,8993,21398,0.03983116953
1224,8993,6062,0.0402106013
1225,8993,22652,0.04025709543
1226,8993,5084,0.04044153605
1227,8993,8425,0.04089452081
1228,8993,23638,0.04104055861
1229,8993,6938,0.04130676818
1230,9087,15046,0.0297641201
1231,9087,19722,0.03076844155
1232,9087,21737,0.03307908809
1233,9087,3495,0.03524195972
1234,9087,23097,0.03841942796
1235,9087,20665,0.03935838322
1236,9087,14193,0.04045867288
1237,9087,11545,0.04058115201
1238,9087,7895,0.04427459652
1239,9087,13303,0.04476199512
1240,9087,18937,0.04570784194
1241,9087,10611,0.04613975486
1242,9087,15211,0.04623200561
1243,9087,14434,0.04681151075
1244,9087,21459,0.04856085846
1245,9087,14131,0.04870054496
1246,9087,19194,0.04875256454
1247,9087,11086,0.04980184567
1248,9087,15363,0.05005521771
1249,9087,8034,0.05013848334
1250,9087,19362,0.05298426374
1251,9087,17110,0.0565647413
1252,9087,17158,0.05761941805
1253,9087,12564,0.05993630434
1254,9087,13348,0.05995850065
1255,9087,14941,0.0603816061
1256,9087,7781,0.06187213772
1257,9087,12810,0.06209604556
1258,9087,10076,0.06375144247
1259,9087,16168,0.06394526774
1260,9215,10020,0.01821665089
1261,9215,11849,0.02222005977
1262,9215,3442,0.02564846737
1263,9215,14998,0.02601801371
1264,9215,17158,0.0305884395
1265,9215,19208,0.03083551706
1266,9215,6475,0.03300097796
1267,9215,21196,0.03367326367
1268,9215,20457,0.03406190392
1269,9215,5014,0.03423472322
1270,9215,8024,0.03468096368
1271,9215,7781,0.03495795876
1272,9215,13348,0.03498846076
1273,9215,12633,0.03696952189
1274,9215,10586,0.03761989199
1275,9215,4892,0.03840240607
1276,9215,11436,0.039691045
1277,9215,16759,0.04052018606
1278,9215,4449,0.04092264339
1279,9215,19911,0.04231470627
1280,9215,8425,0.04243600464
1281,9215,6242,0.04300921159
1282,9215,20689,0.04416139654
1283,9215,11105,0.04418790987
1284,9215,23345,0.04480590698
1285,9215,8993,0.04529617537
1286,9215,8927,0.04555026692
1287,9215,22968,0.04586980955
1288,9215,23097,0.04616264594
1289,9215,10218,0.04616477598
1290,9217,23345,0.01697191415
1291,9217,22357,0.01848192277
1292,9217,6062,0.019191994
1293,9217,11530,0.03039076558
1294,9217,20800,0.0309972515
1295,9217,11105,0.03152834705
1296,9217,3442,0.03608954737
1297,9217,5555,0.03610084901
1298,9217,10807,0.03796620987
1299,9217,19819,0.04000815984
1300,9217,4892,0.04036621162
1301,9217,20457,0.04289722713
1302,9217,21196,0.04426592807
1303,9217,9773,0.04512319792
1304,9217,20659,0.04517833508
1305,9217,22652,0.04589721037
1306,9217,15100,0.04615081348
1307,9217,19208,0.04722999911
1308,9217,17055,0.0487962345
1309,9217,14758,0.04909033709
1310,9217,7894,0.0497455347
1311,9217,14941,0.05066442999
1312,9217,8024,0.05086717893
1313,9217,10587,0.05102247179
1314,9217,19397,0.05171715199
1315,9217,8927,0.05219579465
1316,9217,22252,0.05226990057
1317,9217,15502,0.05256241725
1318,9217,12195,0.05267391186
1319,9217,5014,0.05272302157
1320,9393,4258,0.03291431604
1321,9393,20674,0.03579983533
1322,9393,12810,0.04400016453
1323,9393,12272,0.04553361838
1324,9393,22701,0.04723557421
1325,9393,10501,0.0554520238
1326,9393,7433,0.05638378682
1327,9393,17749,0.05804708063
1328,9393,15211,0.05928067212
1329,9393,13078,0.05991151232
1330,9393,14680,0.06212632864
1331,9393,12419,0.06304664823
1332,9393,6411,0.06337852135
1333,9393,13479,0.0642492398
1334,9393,17055,0.06435214397
1335,9393,19194,0.06536466745
1336,9393,17110,0.06556948864
1337,9393,19362,0.06607915392
1338,9393,12633,0.06701067255
1339,9393,13149,0.06859045198
1340,9393,20380,0.06881089409
1341,9393,20665,0.06907267986
1342,9393,22192,0.06922296267
1343,9393,20659,0.06982072982
1344,9393,10611,0.06987750108
1345,9393,19967,0.07013738377
1346,9393,12564,0.07096339758
1347,9393,24225,0.07232544746
1348,9393,19572,0.07235076466
1349,9393,10586,0.07295954203
1350,9750,11363,0.01496281282
1351,9750,8095,0.01503115601
1352,9750,15808,0.02356404659
1353,9750,15118,0.02434703804
1354,9750,20437,0.02525480585
1355,9750,6740,0.02817232633
1356,9750,13618,0.02897940985
1357,9750,19635,0.03297281019
1358,9750,19011,0.03392274374
1359,9750,17528,0.03773136893
1360,9750,16466,0.03803909477
1361,9750,11371,0.03947466637
1362,9750,16766,0.0404918992
1363,9750,19577,0.04083832365
1364,9750,10521,0.04105695783
1365,9750,5557,0.04376878274
1366,9750,7496,0.04382511171
1367,9750,21203,0.04724779398
1368,9750,6840,0.04736067037
1369,9750,17370,0.05051071919
1370,9750,5028,0.05066801127
1371,9750,10694,0.0509924464
1372,9750,23709,0.05114054258
1373,9750,6770,0.05251377692
1374,9750,12881,0.05442331344
1375,9750,15862,0.05467088027
1376,9750,14924,0.05639853195
1377,9750,22605,0.05652451418
1378,9750,6242,0.05694970659
1379,9750,16614,0.05744726314
1380,9773,10807,0.01957178392
1381,9773,20800,0.02335233018
1382,9773,19819,0.02455966344
1383,9773,12195,0.02952244207
1384,9773,11530,0.03002146659
1385,9773,19397,0.03176122824
